XP_029206496.2	Montipora_capitata_HIv3___RNAseq.g44456.t1	88.010	1201	139	4	1	1198	1	1199	0.0	2066
XP_029206496.2	Montipora_capitata_HIv3___RNAseq.20936_t	61.040	1019	339	11	161	1177	40	1002	0.0	1198
XP_029206496.2	Montipora_capitata_HIv3___RNAseq.g36393.t1	47.219	953	415	16	299	1199	14	930	0.0	822
XP_029206496.2	Montipora_capitata_HIv3___TS.g27259.t2	40.733	928	462	19	316	1184	153	1051	0.0	637
XP_029206496.2	Montipora_capitata_HIv3___TS.g25677.t1	24.965	717	450	18	499	1178	215	880	3.72e-53	202
XP_029206541.1	Montipora_capitata_HIv3___RNAseq.20936_t	90.755	1006	87	4	1	1004	1	1002	0.0	1840
XP_029206541.1	Montipora_capitata_HIv3___RNAseq.g44456.t1	61.982	989	321	14	72	1008	197	1182	0.0	1199
XP_029206541.1	Montipora_capitata_HIv3___RNAseq.g36393.t1	45.524	916	431	14	159	1017	17	921	0.0	764
XP_029206541.1	Montipora_capitata_HIv3___TS.g27259.t2	37.950	917	489	14	159	1006	141	1046	0.0	612
XP_029206541.1	Montipora_capitata_HIv3___TS.g25677.t1	26.874	707	437	19	340	1005	213	880	6.89e-56	209
