XP_029206496.2	Pocillopora_acuta_HIv2___TS.g27873.t1	77.014	1179	253	7	1	1171	1	1169	0.0	1762
XP_029206496.2	Pocillopora_acuta_HIv2___RNAseq.g15280.t1	62.025	1027	329	13	180	1190	30	1011	0.0	1280
XP_029206496.2	Pocillopora_acuta_HIv2___TS.g24602.t1	50.271	738	333	10	490	1198	82	814	0.0	735
XP_029206496.2	Pocillopora_acuta_HIv2___RNAseq.g7402.t1	39.017	956	476	20	298	1182	99	1018	0.0	631
XP_029206496.2	Pocillopora_acuta_HIv2___TS.g19102.t1	26.462	718	439	16	499	1178	188	854	8.54e-61	224
XP_029206541.1	Pocillopora_acuta_HIv2___RNAseq.g15280.t1	72.046	1041	239	16	1	1018	1	1012	0.0	1516
XP_029206541.1	Pocillopora_acuta_HIv2___TS.g27873.t1	61.924	977	306	13	80	998	201	1169	0.0	1183
XP_029206541.1	Pocillopora_acuta_HIv2___TS.g24602.t1	44.103	814	390	14	261	1017	1	806	0.0	687
XP_029206541.1	Pocillopora_acuta_HIv2___RNAseq.g7402.t1	37.069	928	497	16	155	1006	99	1015	0.0	601
XP_029206541.1	Pocillopora_acuta_HIv2___TS.g19102.t1	29.018	703	428	18	340	1005	186	854	3.08e-68	245
