XP_029206496.2	Porites_compressa_HIv1___RNAseq.g31687.t1	81.121	1213	212	8	1	1199	1	1210	0.0	1912
XP_029206496.2	Porites_compressa_HIv1___RNAseq.g31477.t1	59.169	987	352	11	205	1190	48	984	0.0	1122
XP_029206496.2	Porites_compressa_HIv1___RNAseq.g16997.t1	46.820	959	436	18	291	1199	9	943	0.0	801
XP_029206496.2	Porites_compressa_HIv1___RNAseq.g870.t2	40.211	950	460	23	305	1184	119	1030	0.0	627
XP_029206496.2	Porites_compressa_HIv1___TS.g5.t1	26.068	702	455	15	499	1178	132	791	1.57e-60	223
XP_029206541.1	Porites_compressa_HIv1___RNAseq.g31477.t1	75.583	987	214	11	45	1018	13	985	0.0	1457
XP_029206541.1	Porites_compressa_HIv1___RNAseq.g31687.t1	60.843	996	333	14	76	1017	209	1201	0.0	1192
XP_029206541.1	Porites_compressa_HIv1___RNAseq.g16997.t1	44.481	924	442	10	159	1017	17	934	0.0	761
XP_029206541.1	Porites_compressa_HIv1___RNAseq.g870.t2	38.069	922	485	16	159	1006	116	1025	0.0	604
XP_029206541.1	Porites_compressa_HIv1___TS.g5.t1	27.914	695	439	16	340	1005	130	791	1.39e-61	225
